{
 "cells": [
  {
   "cell_type": "code",
   "execution_count": 1,
   "metadata": {},
   "outputs": [
    {
     "name": "stderr",
     "output_type": "stream",
     "text": [
      "WARNING: Ignoring invalid distribution ~ (C:\\Users\\bielv\\AppData\\Local\\Programs\\Python\\Python312\\Lib\\site-packages)\n",
      "WARNING: Ignoring invalid distribution ~bstra (C:\\Users\\bielv\\AppData\\Local\\Programs\\Python\\Python312\\Lib\\site-packages)\n",
      "WARNING: Ignoring invalid distribution ~ (C:\\Users\\bielv\\AppData\\Local\\Programs\\Python\\Python312\\Lib\\site-packages)\n",
      "WARNING: Ignoring invalid distribution ~bstra (C:\\Users\\bielv\\AppData\\Local\\Programs\\Python\\Python312\\Lib\\site-packages)\n",
      "WARNING: Ignoring invalid distribution ~ (C:\\Users\\bielv\\AppData\\Local\\Programs\\Python\\Python312\\Lib\\site-packages)\n",
      "WARNING: Ignoring invalid distribution ~bstra (C:\\Users\\bielv\\AppData\\Local\\Programs\\Python\\Python312\\Lib\\site-packages)\n",
      "\n",
      "[notice] A new release of pip is available: 24.2 -> 25.0.1\n",
      "[notice] To update, run: python.exe -m pip install --upgrade pip\n"
     ]
    },
    {
     "name": "stdout",
     "output_type": "stream",
     "text": [
      "Requirement already satisfied: bertviz in c:\\users\\bielv\\appdata\\local\\programs\\python\\python312\\lib\\site-packages (1.4.0)\n",
      "Requirement already satisfied: transformers>=2.0 in c:\\users\\bielv\\appdata\\local\\programs\\python\\python312\\lib\\site-packages (from bertviz) (4.45.2)\n",
      "Requirement already satisfied: torch>=1.0 in c:\\users\\bielv\\appdata\\local\\programs\\python\\python312\\lib\\site-packages (from bertviz) (2.5.1)\n",
      "Requirement already satisfied: tqdm in c:\\users\\bielv\\appdata\\local\\programs\\python\\python312\\lib\\site-packages (from bertviz) (4.66.5)\n",
      "Requirement already satisfied: boto3 in c:\\users\\bielv\\appdata\\local\\programs\\python\\python312\\lib\\site-packages (from bertviz) (1.35.49)\n",
      "Requirement already satisfied: requests in c:\\users\\bielv\\appdata\\local\\programs\\python\\python312\\lib\\site-packages (from bertviz) (2.32.3)\n",
      "Requirement already satisfied: regex in c:\\users\\bielv\\appdata\\local\\programs\\python\\python312\\lib\\site-packages (from bertviz) (2024.9.11)\n",
      "Requirement already satisfied: sentencepiece in c:\\users\\bielv\\appdata\\local\\programs\\python\\python312\\lib\\site-packages (from bertviz) (0.2.0)\n",
      "Requirement already satisfied: filelock in c:\\users\\bielv\\appdata\\local\\programs\\python\\python312\\lib\\site-packages (from torch>=1.0->bertviz) (3.15.4)\n",
      "Requirement already satisfied: typing-extensions>=4.8.0 in c:\\users\\bielv\\appdata\\local\\programs\\python\\python312\\lib\\site-packages (from torch>=1.0->bertviz) (4.12.2)\n",
      "Requirement already satisfied: networkx in c:\\users\\bielv\\appdata\\local\\programs\\python\\python312\\lib\\site-packages (from torch>=1.0->bertviz) (3.4.2)\n",
      "Requirement already satisfied: jinja2 in c:\\users\\bielv\\appdata\\local\\programs\\python\\python312\\lib\\site-packages (from torch>=1.0->bertviz) (3.1.4)\n",
      "Requirement already satisfied: fsspec in c:\\users\\bielv\\appdata\\local\\programs\\python\\python312\\lib\\site-packages (from torch>=1.0->bertviz) (2024.9.0)\n",
      "Requirement already satisfied: setuptools in c:\\users\\bielv\\appdata\\local\\programs\\python\\python312\\lib\\site-packages (from torch>=1.0->bertviz) (73.0.1)\n",
      "Requirement already satisfied: sympy==1.13.1 in c:\\users\\bielv\\appdata\\local\\programs\\python\\python312\\lib\\site-packages (from torch>=1.0->bertviz) (1.13.1)\n",
      "Requirement already satisfied: mpmath<1.4,>=1.1.0 in c:\\users\\bielv\\appdata\\local\\programs\\python\\python312\\lib\\site-packages (from sympy==1.13.1->torch>=1.0->bertviz) (1.3.0)\n",
      "Requirement already satisfied: huggingface-hub<1.0,>=0.23.2 in c:\\users\\bielv\\appdata\\local\\programs\\python\\python312\\lib\\site-packages (from transformers>=2.0->bertviz) (0.26.0)\n",
      "Requirement already satisfied: numpy>=1.17 in c:\\users\\bielv\\appdata\\local\\programs\\python\\python312\\lib\\site-packages (from transformers>=2.0->bertviz) (1.26.4)\n",
      "Requirement already satisfied: packaging>=20.0 in c:\\users\\bielv\\appdata\\local\\programs\\python\\python312\\lib\\site-packages (from transformers>=2.0->bertviz) (24.1)\n",
      "Requirement already satisfied: pyyaml>=5.1 in c:\\users\\bielv\\appdata\\local\\programs\\python\\python312\\lib\\site-packages (from transformers>=2.0->bertviz) (6.0.1)\n",
      "Requirement already satisfied: safetensors>=0.4.1 in c:\\users\\bielv\\appdata\\local\\programs\\python\\python312\\lib\\site-packages (from transformers>=2.0->bertviz) (0.4.5)\n",
      "Requirement already satisfied: tokenizers<0.21,>=0.20 in c:\\users\\bielv\\appdata\\local\\programs\\python\\python312\\lib\\site-packages (from transformers>=2.0->bertviz) (0.20.1)\n",
      "Requirement already satisfied: colorama in c:\\users\\bielv\\appdata\\local\\programs\\python\\python312\\lib\\site-packages (from tqdm->bertviz) (0.4.6)\n",
      "Requirement already satisfied: botocore<1.36.0,>=1.35.49 in c:\\users\\bielv\\appdata\\local\\programs\\python\\python312\\lib\\site-packages (from boto3->bertviz) (1.35.78)\n",
      "Requirement already satisfied: jmespath<2.0.0,>=0.7.1 in c:\\users\\bielv\\appdata\\local\\programs\\python\\python312\\lib\\site-packages (from boto3->bertviz) (1.0.1)\n",
      "Requirement already satisfied: s3transfer<0.11.0,>=0.10.0 in c:\\users\\bielv\\appdata\\local\\programs\\python\\python312\\lib\\site-packages (from boto3->bertviz) (0.10.4)\n",
      "Requirement already satisfied: charset-normalizer<4,>=2 in c:\\users\\bielv\\appdata\\local\\programs\\python\\python312\\lib\\site-packages (from requests->bertviz) (3.3.2)\n",
      "Requirement already satisfied: idna<4,>=2.5 in c:\\users\\bielv\\appdata\\local\\programs\\python\\python312\\lib\\site-packages (from requests->bertviz) (3.7)\n",
      "Requirement already satisfied: urllib3<3,>=1.21.1 in c:\\users\\bielv\\appdata\\local\\programs\\python\\python312\\lib\\site-packages (from requests->bertviz) (2.2.2)\n",
      "Requirement already satisfied: certifi>=2017.4.17 in c:\\users\\bielv\\appdata\\local\\programs\\python\\python312\\lib\\site-packages (from requests->bertviz) (2024.7.4)\n",
      "Requirement already satisfied: python-dateutil<3.0.0,>=2.1 in c:\\users\\bielv\\appdata\\local\\programs\\python\\python312\\lib\\site-packages (from botocore<1.36.0,>=1.35.49->boto3->bertviz) (2.8.2)\n",
      "Requirement already satisfied: MarkupSafe>=2.0 in c:\\users\\bielv\\appdata\\local\\programs\\python\\python312\\lib\\site-packages (from jinja2->torch>=1.0->bertviz) (2.1.5)\n",
      "Requirement already satisfied: six>=1.5 in c:\\users\\bielv\\appdata\\local\\programs\\python\\python312\\lib\\site-packages (from python-dateutil<3.0.0,>=2.1->botocore<1.36.0,>=1.35.49->boto3->bertviz) (1.16.0)\n"
     ]
    },
    {
     "data": {
      "text/html": [
       "<script src=\"https://cdnjs.cloudflare.com/ajax/libs/require.js/2.3.6/require.min.js\"></script>"
      ],
      "text/plain": [
       "<IPython.core.display.HTML object>"
      ]
     },
     "metadata": {},
     "output_type": "display_data"
    },
    {
     "data": {
      "text/html": [
       "      \n",
       "        <div id=\"bertviz-259bed898bfe4c7c8f550a89eb9a061d\" style=\"font-family:'Helvetica Neue', Helvetica, Arial, sans-serif;\">\n",
       "            <span style=\"user-select:none\">\n",
       "                Layer: <select id=\"layer\"></select>\n",
       "                \n",
       "            </span>\n",
       "            <div id='vis'></div>\n",
       "        </div>\n",
       "    "
      ],
      "text/plain": [
       "<IPython.core.display.HTML object>"
      ]
     },
     "metadata": {},
     "output_type": "display_data"
    },
    {
     "data": {
      "application/javascript": "/**\n * @fileoverview Transformer Visualization D3 javascript code.\n *\n *\n *  Based on: https://github.com/tensorflow/tensor2tensor/blob/master/tensor2tensor/visualization/attention.js\n *\n * Change log:\n *\n * 12/19/18  Jesse Vig   Assorted cleanup. Changed orientation of attention matrices.\n * 12/29/20  Jesse Vig   Significant refactor.\n * 12/31/20  Jesse Vig   Support multiple visualizations in single notebook.\n * 02/06/21  Jesse Vig   Move require config from separate jupyter notebook step\n * 05/03/21  Jesse Vig   Adjust height of visualization dynamically\n * 07/25/21  Jesse Vig   Support layer filtering\n * 03/23/22  Daniel SC   Update requirement URLs for d3 and jQuery (source of bug not allowing end result to be displayed on browsers)\n **/\n\nrequire.config({\n  paths: {\n      d3: 'https://cdnjs.cloudflare.com/ajax/libs/d3/5.7.0/d3.min',\n    jquery: 'https://cdnjs.cloudflare.com/ajax/libs/jquery/2.0.0/jquery.min',\n  }\n});\n\nrequirejs(['jquery', 'd3'], function ($, d3) {\n\n    const params = {\"attention\": [{\"name\": null, \"attn\": [[[[1.0, 0.010165569758927066, 0.0, 0.025700553151966767, 0.007178199246564331, 0.007880069570889702, 0.0, 0.035133063320172825, 0.010555754236587065, 0.08951417648938464, 0.004869283371446546, 0.0047443801151497095, 0.014343764670858844, 0.02445217227521635, 0.02995774684943825, 0.03347700360493521, 0.0, 0.0, 0.0, 0.0, 0.024185541482555778, 0.0, 0.009177640949648395, 0.006095317847094681, 0.0, 0.016427908691655866, 0.0, 0.0, 0.0, 0.03916136295235433, 0.021935268723387857, 0.005071740758464668], [0.010165569758927066, 0.9999999999999998, 0.0, 0.013772360451971877, 0.008051699642287592, 0.013353045262547174, 0.0, 0.020523637599447767, 0.059134260003092375, 0.013083838989865338, 0.0, 0.06728352518844737, 0.011535678184728637, 0.021848875931009606, 0.0, 0.0, 0.0, 0.01399798246495333, 0.01352311174055609, 0.0, 0.03492570531470705, 0.0045491076020615666, 0.006272875226497045, 0.029295935854436052, 0.006703007880556978, 0.016643481998781184, 0.022561905048625215, 0.03399415142819739, 0.015470343168410467, 0.0, 0.011488014495506224, 0.019453471984443523], [0.0, 0.0, 0.9999999999999999, 0.0, 0.01387175786100754, 0.028586284878260086, 0.010824751113369484, 0.0, 0.04852490695244353, 0.02823322870350423, 0.0, 0.0, 0.0, 0.00666813168030251, 0.02850266140601373, 0.024779744596907568, 0.0, 0.0, 0.015760799148422846, 0.03331486014006675, 0.0, 0.0, 0.018190441707578265, 0.0559807234641116, 0.0, 0.010698539317989144, 0.015537965621719519, 0.09438274524840802, 0.05808365159698793, 0.0, 0.02757936399824741, 0.0], [0.025700553151966767, 0.013772360451971877, 0.0, 1.0000000000000002, 0.00464451727027647, 0.08893306045844086, 0.003176175189266659, 0.026129197555094484, 0.00799118357209028, 0.05588927719081718, 0.022793601632047203, 0.04350648246925324, 0.023142638861614606, 0.04638486716290954, 0.01947649363748378, 0.014527111510612306, 0.030648750724538355, 0.034964055514936615, 0.012019506362548001, 0.017198739557807333, 0.04188795659983768, 0.029678156208540498, 0.017894047711639192, 0.01309298651004118, 0.01640818700990469, 0.04522156669342009, 0.10806945435374424, 0.012531257531369383, 0.010792209366116924, 0.07342913806674714, 0.054247107800793906, 0.0], [0.007178199246564331, 0.008051699642287592, 0.01387175786100754, 0.00464451727027647, 0.9999999999999999, 0.020458716030211578, 0.017843782867925824, 0.011633877751260364, 0.013679212465130446, 0.02924770502020802, 0.014918664621384466, 0.05702582751441021, 0.0072270353425274245, 0.06569540429859981, 0.03984230632099588, 0.0, 0.0, 0.025124553117476446, 0.0, 0.011837467555193711, 0.0987522163342077, 0.031221273033637954, 0.03646127087890035, 0.025032329716393506, 0.016709587351972054, 0.03358543678990562, 0.02745667460221717, 0.030979119541277807, 0.030086033834475216, 0.017044955717240236, 0.06337159262503775, 0.02262135961222175], [0.007880069570889702, 0.013353045262547174, 0.028586284878260086, 0.08893306045844086, 0.020458716030211578, 1.0, 0.01662836343945822, 0.06110926081085472, 0.0511121231301955, 0.05461532642454251, 0.02479772616687137, 0.04694354752258781, 0.03109671628148567, 0.04919765299917562, 0.040052448796382395, 0.016859495304394005, 0.0219109292228047, 0.042146645338000804, 0.027477411820976974, 0.04865379402040577, 0.024237098035176638, 0.02068716122493726, 0.030413242373896945, 0.03625186911227815, 0.019610860383996287, 0.03461381499858542, 0.1128635260691559, 0.03420295532210278, 0.037833346112215595, 0.06809644056164116, 0.0370982708170593, 0.032201746045954174], [0.0, 0.0, 0.010824751113369484, 0.003176175189266659, 0.017843782867925824, 0.01662836343945822, 0.9999999999999998, 0.02059175512526577, 0.010003863892300999, 0.006087189129572546, 0.0013665514604383757, 0.017589073935287948, 0.0, 0.01970897967497013, 0.014595994457653935, 0.0, 0.0, 0.0, 0.0, 0.01774804261280075, 0.02283798917517596, 0.018809556013095488, 0.008876804630658142, 0.03617634741060122, 0.01755442187880152, 0.0204261718538951, 0.020180000640012418, 0.0014355181495482134, 0.05949297374985423, 0.0012770107671980396, 0.00541857810196316, 0.0028908355760221844], [0.035133063320172825, 0.020523637599447767, 0.0, 0.026129197555094484, 0.011633877751260364, 0.06110926081085472, 0.02059175512526577, 1.0000000000000002, 0.03946743000864249, 0.016091067390948843, 0.0, 0.0, 0.013467126687600566, 0.02943057446643474, 0.020430240011812106, 0.029513687029471894, 0.0, 0.008005277392453766, 0.0, 0.01077454623376135, 0.0, 0.003514332057694603, 0.025154410654098656, 0.0, 0.020305107166654988, 0.04020884146172763, 0.024054556794098503, 0.010403309402163835, 0.0, 0.050897908104059204, 0.03522308761712385, 0.007391266699602124], [0.010555754236587065, 0.059134260003092375, 0.04852490695244353, 0.00799118357209028, 0.013679212465130446, 0.0511121231301955, 0.010003863892300999, 0.03946743000864249, 1.0000000000000002, 0.011683770688351035, 0.0, 0.014901743062005868, 0.011978451455062012, 0.05012523370294304, 0.018803552474684643, 0.07313242888478778, 0.0, 0.00741490351195898, 0.00727119772973515, 0.017672696596159415, 0.01975653236993719, 0.040688696961614305, 0.0375877917325347, 0.03602757489001831, 0.011100262854647994, 0.027011720839772102, 0.05062928049630758, 0.0423809215098252, 0.04632683399728664, 0.036389870203980164, 0.01766229709438904, 0.028232601931543592], [0.08951417648938464, 0.013083838989865338, 0.02823322870350423, 0.05588927719081718, 0.02924770502020802, 0.05461532642454251, 0.006087189129572546, 0.016091067390948843, 0.011683770688351035, 1.0000000000000004, 0.01309269171241916, 0.10652089564703492, 0.013325418390911906, 0.03150136776371388, 0.051793906234511744, 0.0, 0.017039808705854656, 0.03082587064843032, 0.015190333286882697, 0.08014477137778735, 0.053951258713314826, 0.018584245292861578, 0.05394101197287035, 0.04659013379082574, 0.027665142358011725, 0.020327569810081894, 0.06000428541975659, 0.039838312578969776, 0.028541137095132348, 0.010323827270926487, 0.0465532869382955, 0.03874797810427858], [0.004869283371446546, 0.0, 0.0, 0.022793601632047203, 0.014918664621384466, 0.02479772616687137, 0.0013665514604383757, 0.0, 0.0, 0.01309269171241916, 0.9999999999999999, 0.007517666916990554, 0.006582894513613151, 0.010155046849394283, 0.01766017602087586, 0.0, 0.09329024736354027, 0.018844507109407247, 0.00536679358457379, 0.002276511186533275, 0.012188265150703599, 0.015598068154640684, 0.012299877816716763, 0.006894897685942395, 0.0015632435649459062, 0.023982454676052204, 0.02515978287256293, 0.013694784314910145, 0.0035412952849974712, 0.0015564642947462732, 0.013875907062360904, 0.044716371329394225], [0.0047443801151497095, 0.06728352518844737, 0.0, 0.04350648246925324, 0.05702582751441021, 0.04694354752258781, 0.017589073935287948, 0.0, 0.014901743062005868, 0.10652089564703492, 0.007517666916990554, 1.0, 0.0, 0.04186324381649818, 0.037230400755704385, 0.0, 0.0, 0.02002816198155088, 0.0, 0.009176972155185266, 0.02247589713324245, 0.010012987469039107, 0.01214364587682357, 0.013254425006324951, 0.0, 0.0056585761440093, 0.02203323366191245, 0.010185199002412998, 0.019018574972320946, 0.0, 0.03399595240182782, 0.018707288883587532], [0.014343764670858844, 0.011535678184728637, 0.0, 0.023142638861614606, 0.0072270353425274245, 0.03109671628148567, 0.0, 0.013467126687600566, 0.011978451455062012, 0.013325418390911906, 0.006582894513613151, 0.0, 1.0, 0.02337791036056698, 0.005611698717481173, 0.0, 0.02245562510499821, 0.037194047413175044, 0.009971889527869947, 0.013811318257831722, 0.022969192044374885, 0.0068174310703912125, 0.0, 0.038048497344584736, 0.0, 0.00676898748495482, 0.017091526695916688, 0.0, 0.006579982034163878, 0.0, 0.004979287464230278, 0.0], [0.02445217227521635, 0.021848875931009606, 0.00666813168030251, 0.04638486716290954, 0.06569540429859981, 0.04919765299917562, 0.01970897967497013, 0.02943057446643474, 0.05012523370294304, 0.03150136776371388, 0.010155046849394283, 0.04186324381649818, 0.02337791036056698, 1.0000000000000002, 0.03706558189966358, 0.04087674627839573, 0.012463592572435235, 0.025297778398393568, 0.024814023024414673, 0.025987440909028277, 0.07499905801517684, 0.029700226333322706, 0.0524615488268907, 0.055021692956443, 0.010093139628082736, 0.04259519513648398, 0.04922736168343139, 0.057530105746394264, 0.021629669152146303, 0.0181909967817958, 0.10129082810533761, 0.015607824630063178], [0.02995774684943825, 0.0, 0.02850266140601373, 0.01947649363748378, 0.03984230632099588, 0.040052448796382395, 0.014595994457653935, 0.020430240011812106, 0.018803552474684643, 0.051793906234511744, 0.01766017602087586, 0.037230400755704385, 0.005611698717481173, 0.03706558189966358, 1.0000000000000002, 0.0, 0.0, 0.005573530402071209, 0.024978422482067872, 0.0648797556521374, 0.03972188838758203, 0.03399786194069356, 0.02023965038067286, 0.059386349854446414, 0.001332613167410867, 0.08353433988064235, 0.02026807103870688, 0.014170703277900216, 0.04659249507998253, 0.043300024282500224, 0.05528710102369801, 0.011009838665022509], [0.03347700360493521, 0.0, 0.024779744596907568, 0.014527111510612306, 0.0, 0.016859495304394005, 0.0, 0.029513687029471894, 0.07313242888478778, 0.0, 0.0, 0.0, 0.0, 0.04087674627839573, 0.0, 0.9999999999999999, 0.0, 0.0, 0.0, 0.03158481020272256, 0.0, 0.0, 0.057048610638581604, 0.033056675020858635, 0.0, 0.06245189681694787, 0.0, 0.029057314736843864, 0.038968159627792126, 0.030375525068784187, 0.019499253905019887, 0.0], [0.0, 0.0, 0.0, 0.030648750724538355, 0.0, 0.0219109292228047, 0.0, 0.0, 0.0, 0.017039808705854656, 0.09329024736354027, 0.0, 0.02245562510499821, 0.012463592572435235, 0.0, 0.0, 0.9999999999999998, 0.011603619514050714, 0.0, 0.0, 0.017083967313060097, 0.0, 0.0, 0.0074043964833490445, 0.013492141972680562, 0.011246511873401295, 0.013184100529048861, 0.03171928592423446, 0.024764475499641093, 0.0, 0.0, 0.0805316486274864], [0.0, 0.01399798246495333, 0.0, 0.034964055514936615, 0.025124553117476446, 0.042146645338000804, 0.0, 0.008005277392453766, 0.00741490351195898, 0.03082587064843032, 0.018844507109407247, 0.02002816198155088, 0.037194047413175044, 0.025297778398393568, 0.005573530402071209, 0.0, 0.011603619514050714, 1.0, 0.0, 0.009714607416334937, 0.033489239473500916, 0.0033168510305547536, 0.026189406123943992, 0.03545818918285534, 0.008778838835841761, 0.040504964702762984, 0.017659090689692437, 0.030263998897218574, 0.055669543418152806, 0.07607018729385928, 0.034820671790278, 0.02684784126260703], [0.0, 0.01352311174055609, 0.015760799148422846, 0.012019506362548001, 0.0, 0.027477411820976974, 0.0, 0.0, 0.00727119772973515, 0.015190333286882697, 0.00536679358457379, 0.0, 0.009971889527869947, 0.024814023024414673, 0.024978422482067872, 0.0, 0.0, 0.0, 0.9999999999999999, 0.0250086231668343, 0.014320829417693496, 0.03380798571236949, 0.0236964469191678, 0.003288076969902338, 0.0, 0.01620330581361451, 0.03950808080213203, 0.03099486653312298, 0.005364419146400547, 0.0, 0.014368421916653567, 0.01239564560145538], [0.0, 0.0, 0.03331486014006675, 0.017198739557807333, 0.011837467555193711, 0.04865379402040577, 0.01774804261280075, 0.01077454623376135, 0.017672696596159415, 0.08014477137778735, 0.002276511186533275, 0.009176972155185266, 0.013811318257831722, 0.025987440909028277, 0.0648797556521374, 0.03158481020272256, 0.0, 0.009714607416334937, 0.0250086231668343, 1.0000000000000004, 0.003325681912255651, 0.014340826874652097, 0.017533163626578335, 0.03328058623530883, 0.014422129686111795, 0.023651211089712555, 0.031380105578603684, 0.04142239683638839, 0.024997217124120195, 0.0, 0.0, 0.007687625064371241], [0.024185541482555778, 0.03492570531470705, 0.0, 0.04188795659983768, 0.0987522163342077, 0.024237098035176638, 0.02283798917517596, 0.0, 0.01975653236993719, 0.053951258713314826, 0.012188265150703599, 0.02247589713324245, 0.022969192044374885, 0.07499905801517684, 0.03972188838758203, 0.0, 0.017083967313060097, 0.033489239473500916, 0.014320829417693496, 0.003325681912255651, 0.9999999999999999, 0.033412288264509704, 0.061600432270586286, 0.04302635998844625, 0.011554338221945832, 0.016685495493929437, 0.027155764289425267, 0.04260739889874465, 0.05421459601984026, 0.0015138902947611122, 0.09624142177230059, 0.028688262222037093], [0.0, 0.0045491076020615666, 0.0, 0.029678156208540498, 0.031221273033637954, 0.02068716122493726, 0.018809556013095488, 0.003514332057694603, 0.040688696961614305, 0.018584245292861578, 0.015598068154640684, 0.010012987469039107, 0.0068174310703912125, 0.029700226333322706, 0.03399786194069356, 0.0, 0.0, 0.0033168510305547536, 0.03380798571236949, 0.014340826874652097, 0.033412288264509704, 1.0, 0.012188808284663769, 0.005701272996126935, 0.01195501803038374, 0.02194189209857569, 0.006619495543067105, 0.0030679753264307883, 0.003667465194140041, 0.032321874548642604, 0.01644571129061412, 0.009974088484714592], [0.009177640949648395, 0.006272875226497045, 0.018190441707578265, 0.017894047711639192, 0.03646127087890035, 0.030413242373896945, 0.008876804630658142, 0.025154410654098656, 0.0375877917325347, 0.05394101197287035, 0.012299877816716763, 0.01214364587682357, 0.0, 0.0524615488268907, 0.02023965038067286, 0.057048610638581604, 0.0, 0.026189406123943992, 0.0236964469191678, 0.017533163626578335, 0.061600432270586286, 0.012188808284663769, 1.0, 0.04153724762185301, 0.022297062806135873, 0.03164086043931865, 0.016952651209241647, 0.06500838133089702, 0.03523672783790849, 0.010342593453345776, 0.049853344622021324, 0.013175670669515114], [0.006095317847094681, 0.029295935854436052, 0.0559807234641116, 0.01309298651004118, 0.025032329716393506, 0.03625186911227815, 0.03617634741060122, 0.0, 0.03602757489001831, 0.04659013379082574, 0.006894897685942395, 0.013254425006324951, 0.038048497344584736, 0.055021692956443, 0.059386349854446414, 0.033056675020858635, 0.0074043964833490445, 0.03545818918285534, 0.003288076969902338, 0.03328058623530883, 0.04302635998844625, 0.005701272996126935, 0.04153724762185301, 0.9999999999999998, 0.016518520397363727, 0.005325482554151109, 0.032519351158622145, 0.06106465974445468, 0.08376814996267773, 0.0009536000074124221, 0.07124073155277212, 0.021821642814568033], [0.0, 0.006703007880556978, 0.0, 0.01640818700990469, 0.016709587351972054, 0.019610860383996287, 0.01755442187880152, 0.020305107166654988, 0.011100262854647994, 0.027665142358011725, 0.0015632435649459062, 0.0, 0.0, 0.010093139628082736, 0.001332613167410867, 0.0, 0.013492141972680562, 0.008778838835841761, 0.0, 0.014422129686111795, 0.011554338221945832, 0.01195501803038374, 0.022297062806135873, 0.016518520397363727, 0.9999999999999999, 0.017229043924284114, 0.020146312682282317, 0.011884293815088627, 0.004051330466862573, 0.02086024172575788, 0.028856760879540578, 0.021057594377924153], [0.016427908691655866, 0.016643481998781184, 0.010698539317989144, 0.04522156669342009, 0.03358543678990562, 0.03461381499858542, 0.0204261718538951, 0.04020884146172763, 0.027011720839772102, 0.020327569810081894, 0.023982454676052204, 0.0056585761440093, 0.00676898748495482, 0.04259519513648398, 0.08353433988064235, 0.06245189681694787, 0.011246511873401295, 0.040504964702762984, 0.01620330581361451, 0.023651211089712555, 0.016685495493929437, 0.02194189209857569, 0.03164086043931865, 0.005325482554151109, 0.017229043924284114, 1.0000000000000002, 0.014897888333724315, 0.01615845507119359, 0.017253362729950514, 0.08642585986598375, 0.019805297023117945, 0.017114102528287968], [0.0, 0.022561905048625215, 0.015537965621719519, 0.10806945435374424, 0.02745667460221717, 0.1128635260691559, 0.020180000640012418, 0.024054556794098503, 0.05062928049630758, 0.06000428541975659, 0.02515978287256293, 0.02203323366191245, 0.017091526695916688, 0.04922736168343139, 0.02026807103870688, 0.0, 0.013184100529048861, 0.017659090689692437, 0.03950808080213203, 0.031380105578603684, 0.027155764289425267, 0.006619495543067105, 0.016952651209241647, 0.032519351158622145, 0.020146312682282317, 0.014897888333724315, 1.0000000000000007, 0.01809854024774864, 0.066615236774527, 0.010487093805623, 0.06760635706395322, 0.0267133785498071], [0.0, 0.03399415142819739, 0.09438274524840802, 0.012531257531369383, 0.030979119541277807, 0.03420295532210278, 0.0014355181495482134, 0.010403309402163835, 0.0423809215098252, 0.039838312578969776, 0.013694784314910145, 0.010185199002412998, 0.0, 0.057530105746394264, 0.014170703277900216, 0.029057314736843864, 0.03171928592423446, 0.030263998897218574, 0.03099486653312298, 0.04142239683638839, 0.04260739889874465, 0.0030679753264307883, 0.06500838133089702, 0.06106465974445468, 0.011884293815088627, 0.01615845507119359, 0.01809854024774864, 1.0000000000000002, 0.019535362691424876, 0.001635015445020478, 0.053386926913070364, 0.02764702902356523], [0.0, 0.015470343168410467, 0.05808365159698793, 0.010792209366116924, 0.030086033834475216, 0.037833346112215595, 0.05949297374985423, 0.0, 0.04632683399728664, 0.028541137095132348, 0.0035412952849974712, 0.019018574972320946, 0.006579982034163878, 0.021629669152146303, 0.04659249507998253, 0.038968159627792126, 0.024764475499641093, 0.055669543418152806, 0.005364419146400547, 0.024997217124120195, 0.05421459601984026, 0.003667465194140041, 0.03523672783790849, 0.08376814996267773, 0.004051330466862573, 0.017253362729950514, 0.066615236774527, 0.019535362691424876, 0.9999999999999997, 0.006000804485983621, 0.03799339502695772, 0.003757552863971032], [0.03916136295235433, 0.0, 0.0, 0.07342913806674714, 0.017044955717240236, 0.06809644056164116, 0.0012770107671980396, 0.050897908104059204, 0.036389870203980164, 0.010323827270926487, 0.0015564642947462732, 0.0, 0.0, 0.0181909967817958, 0.043300024282500224, 0.030375525068784187, 0.0, 0.07607018729385928, 0.0, 0.0, 0.0015138902947611122, 0.032321874548642604, 0.010342593453345776, 0.0009536000074124221, 0.02086024172575788, 0.08642585986598375, 0.010487093805623, 0.001635015445020478, 0.006000804485983621, 1.0, 0.030892031842345163, 0.00994060804597145], [0.021935268723387857, 0.011488014495506224, 0.02757936399824741, 0.054247107800793906, 0.06337159262503775, 0.0370982708170593, 0.00541857810196316, 0.03522308761712385, 0.01766229709438904, 0.0465532869382955, 0.013875907062360904, 0.03399595240182782, 0.004979287464230278, 0.10129082810533761, 0.05528710102369801, 0.019499253905019887, 0.0, 0.034820671790278, 0.014368421916653567, 0.0, 0.09624142177230059, 0.01644571129061412, 0.049853344622021324, 0.07124073155277212, 0.028856760879540578, 0.019805297023117945, 0.06760635706395322, 0.053386926913070364, 0.03799339502695772, 0.030892031842345163, 0.9999999999999991, 0.022552394945273814], [0.005071740758464668, 0.019453471984443523, 0.0, 0.0, 0.02262135961222175, 0.032201746045954174, 0.0028908355760221844, 0.007391266699602124, 0.028232601931543592, 0.03874797810427858, 0.044716371329394225, 0.018707288883587532, 0.0, 0.015607824630063178, 0.011009838665022509, 0.0, 0.0805316486274864, 0.02684784126260703, 0.01239564560145538, 0.007687625064371241, 0.028688262222037093, 0.009974088484714592, 0.013175670669515114, 0.021821642814568033, 0.021057594377924153, 0.017114102528287968, 0.0267133785498071, 0.02764702902356523, 0.003757552863971032, 0.00994060804597145, 0.022552394945273814, 1.0]]]], \"left_text\": [\"comp.graphics 0\", \"sci.space 0\", \"sci.space 1\", \"comp.graphics 1\", \"alt.atheism 0\", \"comp.graphics 2\", \"sci.space 2\", \"comp.graphics 3\", \"sci.space 3\", \"rec.autos 0\", \"rec.autos 1\", \"alt.atheism 1\", \"alt.atheism 2\", \"alt.atheism 3\", \"comp.graphics 4\", \"sci.space 4\", \"rec.autos 2\", \"comp.graphics 5\", \"comp.graphics 6\", \"sci.space 5\", \"alt.atheism 4\", \"sci.space 6\", \"sci.space 7\", \"sci.space 8\", \"rec.autos 3\", \"alt.atheism 5\", \"comp.graphics 7\", \"sci.space 9\", \"sci.space 10\", \"comp.graphics 8\", \"alt.atheism 6\", \"rec.autos 4\"], \"right_text\": [\"comp.graphics 0\", \"sci.space 0\", \"sci.space 1\", \"comp.graphics 1\", \"alt.atheism 0\", \"comp.graphics 2\", \"sci.space 2\", \"comp.graphics 3\", \"sci.space 3\", \"rec.autos 0\", \"rec.autos 1\", \"alt.atheism 1\", \"alt.atheism 2\", \"alt.atheism 3\", \"comp.graphics 4\", \"sci.space 4\", \"rec.autos 2\", \"comp.graphics 5\", \"comp.graphics 6\", \"sci.space 5\", \"alt.atheism 4\", \"sci.space 6\", \"sci.space 7\", \"sci.space 8\", \"rec.autos 3\", \"alt.atheism 5\", \"comp.graphics 7\", \"sci.space 9\", \"sci.space 10\", \"comp.graphics 8\", \"alt.atheism 6\", \"rec.autos 4\"]}], \"default_filter\": \"0\", \"root_div_id\": \"bertviz-259bed898bfe4c7c8f550a89eb9a061d\", \"layer\": null, \"heads\": null, \"include_layers\": [0]}; // HACK: {\"attention\": [{\"name\": null, \"attn\": [[[[1.0, 0.010165569758927066, 0.0, 0.025700553151966767, 0.007178199246564331, 0.007880069570889702, 0.0, 0.035133063320172825, 0.010555754236587065, 0.08951417648938464, 0.004869283371446546, 0.0047443801151497095, 0.014343764670858844, 0.02445217227521635, 0.02995774684943825, 0.03347700360493521, 0.0, 0.0, 0.0, 0.0, 0.024185541482555778, 0.0, 0.009177640949648395, 0.006095317847094681, 0.0, 0.016427908691655866, 0.0, 0.0, 0.0, 0.03916136295235433, 0.021935268723387857, 0.005071740758464668], [0.010165569758927066, 0.9999999999999998, 0.0, 0.013772360451971877, 0.008051699642287592, 0.013353045262547174, 0.0, 0.020523637599447767, 0.059134260003092375, 0.013083838989865338, 0.0, 0.06728352518844737, 0.011535678184728637, 0.021848875931009606, 0.0, 0.0, 0.0, 0.01399798246495333, 0.01352311174055609, 0.0, 0.03492570531470705, 0.0045491076020615666, 0.006272875226497045, 0.029295935854436052, 0.006703007880556978, 0.016643481998781184, 0.022561905048625215, 0.03399415142819739, 0.015470343168410467, 0.0, 0.011488014495506224, 0.019453471984443523], [0.0, 0.0, 0.9999999999999999, 0.0, 0.01387175786100754, 0.028586284878260086, 0.010824751113369484, 0.0, 0.04852490695244353, 0.02823322870350423, 0.0, 0.0, 0.0, 0.00666813168030251, 0.02850266140601373, 0.024779744596907568, 0.0, 0.0, 0.015760799148422846, 0.03331486014006675, 0.0, 0.0, 0.018190441707578265, 0.0559807234641116, 0.0, 0.010698539317989144, 0.015537965621719519, 0.09438274524840802, 0.05808365159698793, 0.0, 0.02757936399824741, 0.0], [0.025700553151966767, 0.013772360451971877, 0.0, 1.0000000000000002, 0.00464451727027647, 0.08893306045844086, 0.003176175189266659, 0.026129197555094484, 0.00799118357209028, 0.05588927719081718, 0.022793601632047203, 0.04350648246925324, 0.023142638861614606, 0.04638486716290954, 0.01947649363748378, 0.014527111510612306, 0.030648750724538355, 0.034964055514936615, 0.012019506362548001, 0.017198739557807333, 0.04188795659983768, 0.029678156208540498, 0.017894047711639192, 0.01309298651004118, 0.01640818700990469, 0.04522156669342009, 0.10806945435374424, 0.012531257531369383, 0.010792209366116924, 0.07342913806674714, 0.054247107800793906, 0.0], [0.007178199246564331, 0.008051699642287592, 0.01387175786100754, 0.00464451727027647, 0.9999999999999999, 0.020458716030211578, 0.017843782867925824, 0.011633877751260364, 0.013679212465130446, 0.02924770502020802, 0.014918664621384466, 0.05702582751441021, 0.0072270353425274245, 0.06569540429859981, 0.03984230632099588, 0.0, 0.0, 0.025124553117476446, 0.0, 0.011837467555193711, 0.0987522163342077, 0.031221273033637954, 0.03646127087890035, 0.025032329716393506, 0.016709587351972054, 0.03358543678990562, 0.02745667460221717, 0.030979119541277807, 0.030086033834475216, 0.017044955717240236, 0.06337159262503775, 0.02262135961222175], [0.007880069570889702, 0.013353045262547174, 0.028586284878260086, 0.08893306045844086, 0.020458716030211578, 1.0, 0.01662836343945822, 0.06110926081085472, 0.0511121231301955, 0.05461532642454251, 0.02479772616687137, 0.04694354752258781, 0.03109671628148567, 0.04919765299917562, 0.040052448796382395, 0.016859495304394005, 0.0219109292228047, 0.042146645338000804, 0.027477411820976974, 0.04865379402040577, 0.024237098035176638, 0.02068716122493726, 0.030413242373896945, 0.03625186911227815, 0.019610860383996287, 0.03461381499858542, 0.1128635260691559, 0.03420295532210278, 0.037833346112215595, 0.06809644056164116, 0.0370982708170593, 0.032201746045954174], [0.0, 0.0, 0.010824751113369484, 0.003176175189266659, 0.017843782867925824, 0.01662836343945822, 0.9999999999999998, 0.02059175512526577, 0.010003863892300999, 0.006087189129572546, 0.0013665514604383757, 0.017589073935287948, 0.0, 0.01970897967497013, 0.014595994457653935, 0.0, 0.0, 0.0, 0.0, 0.01774804261280075, 0.02283798917517596, 0.018809556013095488, 0.008876804630658142, 0.03617634741060122, 0.01755442187880152, 0.0204261718538951, 0.020180000640012418, 0.0014355181495482134, 0.05949297374985423, 0.0012770107671980396, 0.00541857810196316, 0.0028908355760221844], [0.035133063320172825, 0.020523637599447767, 0.0, 0.026129197555094484, 0.011633877751260364, 0.06110926081085472, 0.02059175512526577, 1.0000000000000002, 0.03946743000864249, 0.016091067390948843, 0.0, 0.0, 0.013467126687600566, 0.02943057446643474, 0.020430240011812106, 0.029513687029471894, 0.0, 0.008005277392453766, 0.0, 0.01077454623376135, 0.0, 0.003514332057694603, 0.025154410654098656, 0.0, 0.020305107166654988, 0.04020884146172763, 0.024054556794098503, 0.010403309402163835, 0.0, 0.050897908104059204, 0.03522308761712385, 0.007391266699602124], [0.010555754236587065, 0.059134260003092375, 0.04852490695244353, 0.00799118357209028, 0.013679212465130446, 0.0511121231301955, 0.010003863892300999, 0.03946743000864249, 1.0000000000000002, 0.011683770688351035, 0.0, 0.014901743062005868, 0.011978451455062012, 0.05012523370294304, 0.018803552474684643, 0.07313242888478778, 0.0, 0.00741490351195898, 0.00727119772973515, 0.017672696596159415, 0.01975653236993719, 0.040688696961614305, 0.0375877917325347, 0.03602757489001831, 0.011100262854647994, 0.027011720839772102, 0.05062928049630758, 0.0423809215098252, 0.04632683399728664, 0.036389870203980164, 0.01766229709438904, 0.028232601931543592], [0.08951417648938464, 0.013083838989865338, 0.02823322870350423, 0.05588927719081718, 0.02924770502020802, 0.05461532642454251, 0.006087189129572546, 0.016091067390948843, 0.011683770688351035, 1.0000000000000004, 0.01309269171241916, 0.10652089564703492, 0.013325418390911906, 0.03150136776371388, 0.051793906234511744, 0.0, 0.017039808705854656, 0.03082587064843032, 0.015190333286882697, 0.08014477137778735, 0.053951258713314826, 0.018584245292861578, 0.05394101197287035, 0.04659013379082574, 0.027665142358011725, 0.020327569810081894, 0.06000428541975659, 0.039838312578969776, 0.028541137095132348, 0.010323827270926487, 0.0465532869382955, 0.03874797810427858], [0.004869283371446546, 0.0, 0.0, 0.022793601632047203, 0.014918664621384466, 0.02479772616687137, 0.0013665514604383757, 0.0, 0.0, 0.01309269171241916, 0.9999999999999999, 0.007517666916990554, 0.006582894513613151, 0.010155046849394283, 0.01766017602087586, 0.0, 0.09329024736354027, 0.018844507109407247, 0.00536679358457379, 0.002276511186533275, 0.012188265150703599, 0.015598068154640684, 0.012299877816716763, 0.006894897685942395, 0.0015632435649459062, 0.023982454676052204, 0.02515978287256293, 0.013694784314910145, 0.0035412952849974712, 0.0015564642947462732, 0.013875907062360904, 0.044716371329394225], [0.0047443801151497095, 0.06728352518844737, 0.0, 0.04350648246925324, 0.05702582751441021, 0.04694354752258781, 0.017589073935287948, 0.0, 0.014901743062005868, 0.10652089564703492, 0.007517666916990554, 1.0, 0.0, 0.04186324381649818, 0.037230400755704385, 0.0, 0.0, 0.02002816198155088, 0.0, 0.009176972155185266, 0.02247589713324245, 0.010012987469039107, 0.01214364587682357, 0.013254425006324951, 0.0, 0.0056585761440093, 0.02203323366191245, 0.010185199002412998, 0.019018574972320946, 0.0, 0.03399595240182782, 0.018707288883587532], [0.014343764670858844, 0.011535678184728637, 0.0, 0.023142638861614606, 0.0072270353425274245, 0.03109671628148567, 0.0, 0.013467126687600566, 0.011978451455062012, 0.013325418390911906, 0.006582894513613151, 0.0, 1.0, 0.02337791036056698, 0.005611698717481173, 0.0, 0.02245562510499821, 0.037194047413175044, 0.009971889527869947, 0.013811318257831722, 0.022969192044374885, 0.0068174310703912125, 0.0, 0.038048497344584736, 0.0, 0.00676898748495482, 0.017091526695916688, 0.0, 0.006579982034163878, 0.0, 0.004979287464230278, 0.0], [0.02445217227521635, 0.021848875931009606, 0.00666813168030251, 0.04638486716290954, 0.06569540429859981, 0.04919765299917562, 0.01970897967497013, 0.02943057446643474, 0.05012523370294304, 0.03150136776371388, 0.010155046849394283, 0.04186324381649818, 0.02337791036056698, 1.0000000000000002, 0.03706558189966358, 0.04087674627839573, 0.012463592572435235, 0.025297778398393568, 0.024814023024414673, 0.025987440909028277, 0.07499905801517684, 0.029700226333322706, 0.0524615488268907, 0.055021692956443, 0.010093139628082736, 0.04259519513648398, 0.04922736168343139, 0.057530105746394264, 0.021629669152146303, 0.0181909967817958, 0.10129082810533761, 0.015607824630063178], [0.02995774684943825, 0.0, 0.02850266140601373, 0.01947649363748378, 0.03984230632099588, 0.040052448796382395, 0.014595994457653935, 0.020430240011812106, 0.018803552474684643, 0.051793906234511744, 0.01766017602087586, 0.037230400755704385, 0.005611698717481173, 0.03706558189966358, 1.0000000000000002, 0.0, 0.0, 0.005573530402071209, 0.024978422482067872, 0.0648797556521374, 0.03972188838758203, 0.03399786194069356, 0.02023965038067286, 0.059386349854446414, 0.001332613167410867, 0.08353433988064235, 0.02026807103870688, 0.014170703277900216, 0.04659249507998253, 0.043300024282500224, 0.05528710102369801, 0.011009838665022509], [0.03347700360493521, 0.0, 0.024779744596907568, 0.014527111510612306, 0.0, 0.016859495304394005, 0.0, 0.029513687029471894, 0.07313242888478778, 0.0, 0.0, 0.0, 0.0, 0.04087674627839573, 0.0, 0.9999999999999999, 0.0, 0.0, 0.0, 0.03158481020272256, 0.0, 0.0, 0.057048610638581604, 0.033056675020858635, 0.0, 0.06245189681694787, 0.0, 0.029057314736843864, 0.038968159627792126, 0.030375525068784187, 0.019499253905019887, 0.0], [0.0, 0.0, 0.0, 0.030648750724538355, 0.0, 0.0219109292228047, 0.0, 0.0, 0.0, 0.017039808705854656, 0.09329024736354027, 0.0, 0.02245562510499821, 0.012463592572435235, 0.0, 0.0, 0.9999999999999998, 0.011603619514050714, 0.0, 0.0, 0.017083967313060097, 0.0, 0.0, 0.0074043964833490445, 0.013492141972680562, 0.011246511873401295, 0.013184100529048861, 0.03171928592423446, 0.024764475499641093, 0.0, 0.0, 0.0805316486274864], [0.0, 0.01399798246495333, 0.0, 0.034964055514936615, 0.025124553117476446, 0.042146645338000804, 0.0, 0.008005277392453766, 0.00741490351195898, 0.03082587064843032, 0.018844507109407247, 0.02002816198155088, 0.037194047413175044, 0.025297778398393568, 0.005573530402071209, 0.0, 0.011603619514050714, 1.0, 0.0, 0.009714607416334937, 0.033489239473500916, 0.0033168510305547536